    rfa = 384.791529; 1*384.791529 = 384.791529
          reg_256x32b_3r_2w = 31328.584; 4*31328.584 = 125314.336
       reg_1024x32b_3r_2w = 129026.228162; 64*129026.228162 = 8257678.602368
    vgpr = 8338059.621428; 1*8338059.621428 = 8338059.621428
    simf = 686401.203604; 4*686401.203604 = 2745604.814416
    wavepool = 440446.671668; 1*440446.671668 = 440446.671668
    issue = 425619.348175; 1*425619.348175 = 425619.348175
          reg_128x32b_3r_3w = 23604.464; 4*23604.464 = 94417.856
       reg_512x32b_3r_3w = 98252.633628; 1*98252.633628 = 98252.633628
    sgpr = 101908.701416; 1*101908.701416 = 101908.701416
    lsu = 805846.241770; 1*805846.241770 = 805846.24177
    decode = 52537.689068; 1*52537.689068 = 52537.689068
    salu = 19480.425593; 1*19480.425593 = 19480.425593
    simd = 631442.896534; 4*631442.896534 = 2525771.586136
    fetch = 61149.958112; 1*61149.958112 = 61149.958112
    exec = 140677.096938; 1*140677.096938 = 140677.096938
 compute_unit = 15670508.510204; 
