    rfa = 41.802; 1*41.802 = 41.802
          reg_256x32b_3r_2w = 554.51488; 4*554.51488 = 2218.05952
       reg_1024x32b_3r_2w = 2494.02652; 64*2494.02652 = 159617.69728
    vgpr = 168927.69728; 1*168927.69728 = 168927.69728
    simf = 67600; 4*67600 = 270400
    wavepool = 49900; 1*49900 = 49900
    issue = 39300; 1*39300 = 39300
          reg_128x32b_3r_3w = 384.61498; 4*384.61498 = 1538.45992
       reg_512x32b_3r_3w = 1829.92692; 1*1829.92692 = 1829.92692
    sgpr = 2212.23992; 1*2212.23992 = 2212.23992
    lsu = 91600; 1*91600 = 91600
    decode = 6540; 1*6540 = 6540
    salu = 2320; 1*2320 = 2320
    simd = 53200; 4*53200 = 212800
    fetch = 7210; 1*7210 = 7210
    exec = 16400; 1*16400 = 16400
 compute_unit = 867878.6632; 
